name = ukwho
year = 1990-2006
yname = ofc
sex = male
distribution = LMS
citation = British 1990 reference data, reanalysed 2009
publication = UK-WHO
[data]
X               L   M          S		
-0.325804244			
-0.306639288			
-0.287474333			
-0.268309377			
-0.249144422			
-0.229979466			
-0.210814511			
-0.191649555			
-0.1724846			
-0.153319644			
-0.134154689			
-0.114989733			
-0.095824778			
-0.076659822			
-0.057494867			
-0.038329911			
-0.019164956			
0			
0.019164956			
0.038329911			
0.038329911	0.4177	13.6377	0.09454
0.057494867	0.3449	14.2241	0.0923
0.076659822	0.2881	14.7714	0.09072
0.083333333	0.2708	14.9441	0.09027
0.095824778	0.2409	15.2355	0.08953
0.114989733	0.2003	15.6107	0.08859
0.134154689	0.1645	15.9169	0.08782
0.153319644	0.1324	16.1698	0.08717
0.166666667	0.1118	16.3195	0.08677
0.1724846	0.1032	16.3787	0.08661
0.191649555	0.0766	16.5494	0.08612
0.210814511	0.052	16.6882	0.08569
0.229979466	0.0291	16.8016	0.08531
0.249144422	0.0077	16.895	0.08496
0.25	    0.0068	16.8987	0.08495
0.333333333	-0.0727	17.1579	0.08378
0.416666667	-0.137	17.2919	0.08296
0.5	-0.1913	17.3422	0.08234
0.583333333	-0.2385	17.3288	0.08183
0.666666667	-0.2802	17.2647	0.0814
0.75	    -0.3176	17.1662	0.08102
0.833333333	-0.3516	17.0488	0.08068
0.916666667	-0.3828	16.9239	0.08037
1	        -0.4115	16.7981	0.08009
1.083333333	-0.4382	16.6743	0.07982
1.166666667	-0.463	16.5548	0.07958
1.25	    -0.4863	16.4409	0.07935
1.333333333	-0.5082	16.3335	0.07913
1.416666667	-0.5289	16.2329	0.07892
1.5	-0.5484	16.1392	0.07873
1.583333333	-0.5669	16.0528	0.07854
1.666666667	-0.5846	15.9743	0.07836
1.75	    -0.6014	15.9039	0.07818
1.833333333	-0.6174	15.8412	0.07802
1.916666667	-0.6328	15.7852	0.07786
2	        -0.6473	15.7356	0.07771
2	        -0.6187	16.0189	0.07785
2.083333333	-0.584	15.98	0.07792
2.166666667	-0.5497	15.9414	0.078
2.25	    -0.5166	15.9036	0.07808
2.333333333	-0.485	15.8667	0.07818
2.416666667	-0.4552	15.8306	0.07829
2.5	        -0.4274	15.7953	0.07841
2.583333333	-0.4016	15.7606	0.07854
2.666666667	-0.3782	15.7267	0.07867
2.75	    -0.3572	15.6934	0.07882
2.833333333	-0.3388	15.661	0.07897
2.916666667	-0.3231	15.6294	0.07914
3	        -0.3101	15.5988	0.07931
3.083333333	-0.3	15.5693	0.0795
3.166666667	-0.2927	15.541	0.07969
3.25	    -0.2884	15.514	0.0799
3.333333333	-0.2869	15.4885	0.08012
3.416666667	-0.2881	15.4645	0.08036
3.5	-0.2919	15.442	0.08061
3.583333333	-0.2981	15.421	0.08087
3.666666667	-0.3067	15.4013	0.08115
3.75	    -0.3174	15.3827	0.08144
3.833333333	-0.3303	15.3652	0.08174
3.916666667	-0.3452	15.3485	0.08205
4	        -0.3622	15.3326	0.08238
4	        -1.291	15.752	0.07684
4.083	    -1.309	15.727	0.07687
4.167	    -1.325	15.704	0.07692
4.25	    -1.342	15.682	0.077
4.333	    -1.359	15.662	0.07709
4.417	    -1.375	15.644	0.0772
4.5	        -1.391	15.626	0.07733
4.583	    -1.407	15.61	0.07748
4.667	    -1.422	15.595	0.07765
4.75	    -1.437	15.582	0.07784
4.833	    -1.452	15.569	0.07806
4.917	    -1.467	15.557	0.07829
5	        -1.481	15.547	0.07856
5.083	    -1.495	15.538	0.07884
5.167	    -1.509	15.53	0.07915
5.25	    -1.523	15.523	0.07948
5.333	    -1.536	15.517	0.07983
5.417	    -1.549	15.511	0.0802
5.5	        -1.562	15.507	0.08059
5.583	    -1.575	15.503	0.081
5.667	    -1.587	15.5	0.08143
5.75	    -1.599	15.498	0.08189
5.833	    -1.611	15.497	0.08235
5.917	    -1.622	15.497	0.08284
6	        -1.634	15.498	0.08334
6.083	    -1.644	15.499	0.08386
6.167	    -1.655	15.501	0.08439
6.25	    -1.665	15.503	0.08494
6.333	    -1.675	15.507	0.08549
6.417	    -1.685	15.511	0.08606
6.5	        -1.694	15.516	0.08663
6.583	    -1.704	15.522	0.08722
6.667	    -1.713	15.529	0.08781
6.75	    -1.721	15.536	0.08841
6.833	    -1.73	15.545	0.08901
6.917	    -1.738	15.554	0.08962
7	        -1.745	15.564	0.09023
7.083	    -1.753	15.575	0.09084
7.167	    -1.76	15.587	0.09145
7.25	    -1.767	15.6	0.09207
7.333	    -1.774	15.614	0.09268
7.417	    -1.781	15.628	0.0933
7.5	        -1.787	15.643	0.09391
7.583	    -1.793	15.659	0.09451
7.667	    -1.798	15.675	0.09512
7.75	    -1.804	15.692	0.09572
7.833	    -1.809	15.71	0.09632
7.917	    -1.814	15.729	0.09691
8	        -1.818	15.748	0.09749
8.083	    -1.823	15.768	0.09807
8.167	    -1.827	15.789	0.09864
8.25	    -1.83	15.81	0.0992
8.333	    -1.834	15.833	0.09976
8.417	    -1.837	15.855	0.1003
8.5	        -1.84	15.88	0.10084
8.583	    -1.843	15.904	0.10137
8.667	    -1.846	15.929	0.10189
8.75	    -1.848	15.955	0.1024
8.833	    -1.85	15.982	0.1029
8.917	    -1.852	16.009	0.1034
9	        -1.854	16.037	0.10388
9.083	    -1.855	16.066	0.10435
9.167	    -1.856	16.095	0.10482
9.25	    -1.857	16.125	0.10527
9.333	    -1.858	16.155	0.10571
9.417	    -1.858	16.187	0.10615
9.5	        -1.859	16.219	0.10657
9.583	    -1.859	16.251	0.10698
9.667	    -1.859	16.284	0.10738
9.75	    -1.859	16.318	0.10777
9.833	    -1.859	16.352	0.10815
9.917	    -1.858	16.387	0.10852
10	        -1.857	16.423	0.10888
10.083	    -1.856	16.459	0.10923
10.167	    -1.855	16.496	0.10957
10.25	    -1.854	16.533	0.1099
10.333	    -1.853	16.57	0.11022
10.417	    -1.851	16.609	0.11054
10.5	    -1.85	16.648	0.11084
10.583	    -1.848	16.687	0.11114
10.667	    -1.846	16.727	0.11143
10.75	    -1.844	16.768	0.1117
10.833	    -1.842	16.808	0.11197
10.917	    -1.839	16.85	0.11223
11	        -1.837	16.892	0.11249
11.083	    -1.834	16.935	0.11273
11.167	    -1.831	16.977	0.11296
11.25	    -1.829	17.02	0.11319
11.333	    -1.826	17.065	0.11341
11.417	    -1.823	17.108	0.11362
11.5	    -1.819	17.154	0.11382
11.583	    -1.816	17.199	0.11402
11.667	    -1.813	17.244	0.1142
11.75	    -1.809	17.291	0.11438
11.833	    -1.806	17.338	0.11456
11.917	    -1.802	17.386	0.11472
12	        -1.799	17.433	0.11488
12.083	    -1.795	17.481	0.11503
12.167	    -1.791	17.53	0.11517
12.25	    -1.787	17.579	0.11532
12.333	    -1.783	17.629	0.11545
12.417	    -1.78	17.679	0.11558
12.5	    -1.776	17.729	0.1157
12.583	    -1.771	17.779	0.11581
12.667	    -1.767	17.83	0.11592
12.75	    -1.763	17.881	0.11603
12.833	    -1.759	17.933	0.11613
12.917	    -1.755	17.985	0.11622
13	        -1.75	18.037	0.11631
13.083	    -1.746	18.089	0.11639
13.167	    -1.742	18.142	0.11647
13.25	    -1.738	18.194	0.11655
13.333	    -1.733	18.247	0.11662
13.417	    -1.729	18.3	0.11668
13.5	    -1.724	18.354	0.11674
13.583	    -1.72	18.407	0.1168
13.667	    -1.715	18.46	0.11685
13.75	    -1.711	18.514	0.1169
13.833	    -1.707	18.567	0.11695
13.917	    -1.702	18.621	0.11699
14	        -1.697	18.675	0.11703
14.083	    -1.693	18.729	0.11706
14.167	    -1.689	18.783	0.1171
14.25	    -1.684	18.836	0.11712
14.333	    -1.68	18.89	0.11715
14.417	    -1.675	18.944	0.11717
14.5	    -1.671	18.997	0.11719
14.583	    -1.666	19.051	0.11721
14.667	    -1.661	19.104	0.11722
14.75	    -1.657	19.158	0.11723
14.833	    -1.652	19.211	0.11724
14.917	    -1.648	19.264	0.11724
15	        -1.643	19.317	0.11725
15.083	    -1.639	19.37	0.11725
15.167	    -1.635	19.423	0.11725
15.25	    -1.63	19.475	0.11724
15.333	    -1.626	19.528	0.11724
15.417	    -1.621	19.579	0.11723
15.5	    -1.617	19.632	0.11722
15.583	    -1.612	19.683	0.11721
15.667	    -1.608	19.735	0.11719
15.75	    -1.603	19.786	0.11718
15.833	    -1.599	19.837	0.11716
15.917	    -1.595	19.887	0.11714
16	        -1.59	19.938	0.11712
16.083	    -1.586	19.988	0.1171
16.167	    -1.582	20.038	0.11708
16.25	    -1.577	20.087	0.11706
16.333	    -1.573	20.137	0.11703
16.417	    -1.569	20.186	0.117
16.5	    -1.564	20.234	0.11698
16.583	    -1.56	20.282	0.11695
16.667	    -1.556	20.33	0.11692
16.75	    -1.551	20.378	0.11689
16.833	    -1.547	20.425	0.11686
16.917	    -1.543	20.472	0.11683
17	        -1.538	20.519	0.1168
17.083	    -1.534	20.565	0.11677
17.167	    -1.53	20.611	0.11674
17.25	    -1.526	20.656	0.1167
17.333	    -1.521	20.702	0.11667
17.417	    -1.517	20.746	0.11663
17.5	    -1.513	20.791	0.1166
17.583	    -1.509	20.836	0.11657
17.667	    -1.505	20.879	0.11653
17.75	    -1.501	20.923	0.11649
17.833	    -1.496	20.967	0.11646
17.917	    -1.492	21.009	0.11642
18	        -1.488	21.052	0.11639
18.083	    -1.484	21.095	0.11635
18.167	    -1.48	21.136	0.11631
18.25	    -1.476	21.178	0.11628
18.333	    -1.472	21.22	0.11624
18.417	    -1.467	21.26	0.1162
18.5	    -1.463	21.301	0.11617
18.583	    -1.459	21.342	0.11613
18.667	    -1.455	21.382	0.11609
18.75	    -1.451	21.422	0.11605
18.833	    -1.447	21.461	0.11602
18.917	    -1.443	21.501	0.11598
19	        -1.439	21.54	0.11594
19.083	    -1.435	21.578	0.11591
19.167	    -1.431	21.617	0.11587
19.25	    -1.427	21.655	0.11583
19.333	    -1.423	21.693	0.1158
19.417	    -1.419	21.73	0.11576
19.5	    -1.415	21.768	0.11572
19.583	    -1.412	21.805	0.11569
19.667	    -1.408	21.842	0.11565
19.75	    -1.404	21.878	0.11561
19.833	    -1.4	21.914	0.11558
19.917	    -1.396	21.951	0.11554
20	        -1.392	21.986	0.11551