name = ukwho
year = 1990-2006
yname = ofc
sex = male
distribution = LMS
citation = British 1990 reference data, reanalysed 2009
publication = UK-WHO
[data]
X               L   M          S		
-0.325804244	1	21.63267	0.04465746
-0.306639288	1	22.66466	0.04660628
-0.287474333	1	23.69877	0.04852065
-0.268309377	1	24.7339	0.05032903
-0.249144422	1	25.7583	0.05183461
-0.229979466	1	26.73601	0.05277836
-0.210814511	1	27.63749	0.05302389
-0.191649555	1	28.48013	0.05259097
-0.1724846	    1	29.28385	0.05156045
-0.153319644	1	30.05091	0.05001475
-0.134154689	1	30.78144	0.04810781
-0.114989733	1	31.47371	0.04598968
-0.095824778	1	32.12924	0.04376877
-0.076659822	1	32.75117	0.04152338
-0.057494867	1	33.34215	0.03930918
-0.038329911	1	33.89909	0.03717904
-0.019164956	1	34.41823	0.03517313
0	            1	34.91071	0.0332788
0.019164956	1	35.38669	0.0314591
0.038329911	1	35.85209	0.02967462
0.038329911	1	35.86	0.0326
0.057494867	1	36.52	0.032
0.076659822	1	37.09	0.0315
0.083333333	1	37.28	0.0313
0.095824778	1	37.6	0.0311
0.114989733	1	38.06	0.0307
0.134154689	1	38.48	0.0304
0.153319644	1	38.87	0.0301
0.166666667	1	39.13	0.03
0.1724846	1	39.24	0.0299
0.191649555	1	39.58	0.0297
0.210814511	1	39.9	0.0295
0.229979466	1	40.21	0.0293
0.249144422	1	40.5	0.0292
0.25	    1	40.51	0.0292
0.333333333	1	41.63	0.0287
0.416666667	1	42.56	0.0284
0.5	        1	43.33	0.0282
0.583333333	1	43.98	0.028
0.666666667	1	44.53	0.028
0.75	    1	45	0.0279
0.833333333	1	45.41	0.0279
0.916666667	1	45.76	0.0279
1	        1	46.07	0.0279
1.083333333	1	46.34	0.0279
1.166666667	1	46.58	0.0279
1.25	    1	46.81	0.0279
1.333333333	1	47.01	0.028
1.416666667	1	47.2	0.028
1.5	        1	47.37	0.028
1.583333333	1	47.54	0.028
1.666666667	1	47.69	0.0281
1.75	    1	47.84	0.0281
1.833333333	1	47.98	0.0281
1.916666667	1	48.12	0.0282
2	        1	48.25	0.0282
2	        1	48.25	0.0282
2.083333333	1	48.38	0.0283
2.166666667	1	48.5	0.0283
2.25	    1	48.62	0.0283
2.333333333	1	48.73	0.0284
2.416666667	1	48.83	0.0284
2.5	        1	48.94	0.0285
2.583333333	1	49.03	0.0285
2.666666667	1	49.13	0.0286
2.75	    1	49.22	0.0286
2.833333333	1	49.3	0.0286
2.916666667	1	49.38	0.0287
3	        1	49.46	0.0287
3.083333333	1	49.54	0.0288
3.166666667	1	49.61	0.0288
3.25	    1	49.68	0.0288
3.333333333	1	49.75	0.0289
3.416666667	1	49.81	0.0289
3.5	        1	49.87	0.0289
3.583333333	1	49.94	0.029
3.666666667	1	49.99	0.029
3.75	    1	50.05	0.029
3.833333333	1	50.11	0.0291
3.916666667	1	50.16	0.0291
4	        1	50.21	0.0291
4	        1	52.215	0.02809
4.083	    1	52.266	0.02813
4.167	    1	52.315	0.02818
4.25	    1	52.362	0.02822
4.333	    1	52.409	0.02827
4.417	    1	52.455	0.02831
4.5	        1	52.499	0.02835
4.583	    1	52.543	0.02839
4.667	    1	52.585	0.02842
4.75	    1	52.626	0.02846
4.833	    1	52.667	0.02849
4.917	    1	52.708	0.02852
5	        1	52.747	0.02855
5.083	    1	52.786	0.02858
5.167	    1	52.823	0.02861
5.25	    1	52.86	0.02864
5.333	    1	52.896	0.02867
5.417	    1	52.932	0.02869
5.5	        1	52.967	0.02872
5.583	    1	53.002	0.02874
5.667	    1	53.036	0.02876
5.75	    1	53.07	0.02878
5.833	    1	53.103	0.0288
5.917	    1	53.136	0.02883
6	        1	53.168	0.02884
6.083	    1	53.2	0.02886
6.167	    1	53.232	0.02888
6.25	    1	53.264	0.0289
6.333	    1	53.294	0.02892
6.417	    1	53.325	0.02893
6.5	        1	53.356	0.02895
6.583	    1	53.387	0.02896
6.667	    1	53.416	0.02898
6.75	    1	53.446	0.02899
6.833	    1	53.476	0.029
6.917	    1	53.505	0.02902
7	        1	53.534	0.02903
7.083	    1	53.563	0.02904
7.167	    1	53.591	0.02905
7.25	    1	53.62	0.02907
7.333	    1	53.649	0.02908
7.417	    1	53.676	0.02909
7.5	        1	53.704	0.0291
7.583	    1	53.732	0.02911
7.667	    1	53.76	0.02912
7.75	    1	53.787	0.02913
7.833	    1	53.814	0.02914
7.917	    1	53.841	0.02915
8	        1	53.867	0.02916
8.083	    1	53.893	0.02917
8.167	    1	53.92	0.02918
8.25	    1	53.946	0.02919
8.333	    1	53.972	0.0292
8.417	    1	53.998	0.02921
8.5	        1	54.024	0.02922
8.583	    1	54.05	0.02923
8.667	    1	54.076	0.02924
8.75	    1	54.101	0.02925
8.833	    1	54.126	0.02926
8.917	    1	54.152	0.02926
9	        1	54.178	0.02927
9.083	    1	54.203	0.02928
9.167	    1	54.229	0.02929
9.25	    1	54.254	0.0293
9.333	    1	54.279	0.02931
9.417	    1	54.305	0.02932
9.5	        1	54.33	0.02933
9.583	    1	54.355	0.02933
9.667	    1	54.38	0.02934
9.75	    1	54.406	0.02935
9.833	    1	54.431	0.02936
9.917	    1	54.457	0.02937
10	        1	54.482	0.02938
10.083	    1	54.507	0.02938
10.167	    1	54.533	0.02939
10.25	    1	54.558	0.0294
10.333	    1	54.584	0.02941
10.417	    1	54.61	0.02942
10.5	    1	54.635	0.02943
10.583	    1	54.661	0.02943
10.667	    1	54.687	0.02944
10.75	    1	54.713	0.02945
10.833	    1	54.74	0.02946
10.917	    1	54.766	0.02946
11	        1	54.793	0.02947
11.083	    1	54.82	0.02948
11.167	    1	54.846	0.02949
11.25	    1	54.874	0.02949
11.333	    1	54.902	0.0295
11.417	    1	54.929	0.02951
11.5	    1	54.956	0.02952
11.583	    1	54.984	0.02952
11.667	    1	55.012	0.02953
11.75	    1	55.04	0.02954
11.833	    1	55.069	0.02955
11.917	    1	55.098	0.02955
12	        1	55.126	0.02956
12.083	    1	55.155	0.02957
12.167	    1	55.184	0.02957
12.25	    1	55.214	0.02958
12.333	    1	55.243	0.02959
12.417	    1	55.272	0.02959
12.5	    1	55.302	0.0296
12.583	    1	55.332	0.02961
12.667	    1	55.362	0.02961
12.75	    1	55.392	0.02962
12.833	    1	55.422	0.02963
12.917	    1	55.453	0.02963
13	        1	55.484	0.02964
13.083	    1	55.514	0.02964
13.167	    1	55.546	0.02965
13.25	    1	55.576	0.02966
13.333	    1	55.608	0.02966
13.417	    1	55.639	0.02967
13.5	    1	55.67	0.02967
13.583	    1	55.701	0.02968
13.667	    1	55.732	0.02969
13.75	    1	55.764	0.02969
13.833	    1	55.795	0.0297
13.917	    1	55.827	0.0297
14	        1	55.858	0.02971
14.083	    1	55.889	0.02971
14.167	    1	55.921	0.02972
14.25	    1	55.953	0.02972
14.333	    1	55.983	0.02973
14.417	    1	56.014	0.02973
14.5	    1	56.046	0.02974
14.583	    1	56.077	0.02974
14.667	    1	56.108	0.02975
14.75	    1	56.139	0.02975
14.833	    1	56.17	0.02976
14.917	    1	56.201	0.02976
15	        1	56.232	0.02977
15.083	    1	56.262	0.02977
15.167	    1	56.293	0.02978
15.25	    1	56.324	0.02978
15.333	    1	56.354	0.02979
15.417	    1	56.384	0.02979
15.5	    1	56.414	0.0298
15.583	    1	56.444	0.0298
15.667	    1	56.474	0.0298
15.75	    1	56.503	0.02981
15.833	    1	56.533	0.02981
15.917	    1	56.562	0.02982
16	        1	56.591	0.02982
16.083	    1	56.621	0.02983
16.167	    1	56.65	0.02983
16.25	    1	56.679	0.02984
16.333	    1	56.707	0.02984
16.417	    1	56.736	0.02984
16.5	    1	56.764	0.02985
16.583	    1	56.792	0.02985
16.667	    1	56.821	0.02985
16.75	    1	56.849	0.02986
16.833	    1	56.876	0.02986
16.917	    1	56.904	0.02987
17	        1	56.932	0.02987
17.083	    1	56.96	0.02987
17.167	    1	56.987	0.02988
17.25	    1	57.014	0.02988
17.333	    1	57.041	0.02989
17.417	    1	57.068	0.02989
17.5	    1	57.095	0.02989
17.583	    1	57.121	0.0299
17.667	    1	57.148	0.0299
17.75	    1	57.174	0.0299
17.833	    1	57.201	0.02991
17.917	    1	57.227	0.02991
18	        1	57.26	0.02991
18.083			
18.167			
18.25			
18.333			
18.417			
18.5			
18.583			
18.667			
18.75			
18.833			
18.917			
19			
19.083			
19.167			
19.25			
19.333			
19.417			
19.5			
19.583			
19.667			
19.75			
19.833			
19.917			
20			