name = trisomy21
year = 1985
yname = bmi
sex = female
distribution = LMS
citation = Down's syndrome centiles - Styles ME, Cole TJ, Dennis J, Preece MA. New cross sectional stature, weight and head circumference references for Down’s syndrome in the UK and Republic of Ireland. Arch Dis Child
publication = Down
[data]
X       L   M       S
0	    -0.2638158	12.23794	0.1082847
0.08	-0.3258187	13.21004	0.1059550
0.17	-0.3705407	14.01620	0.1046241
0.25	-0.4074949	14.72424	0.1037887
0.33	-0.4397084	15.32473	0.1032347
0.42	-0.4686897	15.81425	0.1028406
0.5	    -0.4953046	16.19829	0.1025475
0.58	-0.5200967	16.48963	0.1023243
0.67	-0.5433918	16.70863	0.1021491
0.75	-0.5654485	16.87217	0.1020052
0.83	-0.5864443	16.99201	0.1018850
0.92	-0.6064821	17.07703	0.1017845
1	    -0.6256296	17.13432	0.1017001
1.08	-0.6439291	17.16961	0.1016292
1.17	-0.6614358	17.18981	0.1015708
1.25	-0.6782137	17.20084	0.1015246
1.33	-0.6943173	17.20621	0.1014921
1.42	-0.7097917	17.20798	0.1014726
1.5	    -0.7246685	17.20755	0.1014672
1.58	-0.7389752	17.20593	0.1014740
1.67	-0.7527299	17.20373	0.1014931
1.75	-0.7659401	17.20128	0.1015253
1.83	-0.7786118	17.19897	0.1015698
1.92	-0.7907519	17.19740	0.1016278
2	    -0.8023685	17.19684	0.1016986
2.08	-0.8134696	17.19750	0.1017817
2.17	-0.8240649	17.19955	0.1018779
2.25	-0.8341643	17.20296	0.1019867
2.33	-0.8437772	17.20768	0.1021090
2.42	-0.8529114	17.21371	0.1022444
2.5	    -0.8615737	17.22094	0.1023931
2.58	-0.8697674	17.22931	0.1025548
2.67	-0.8774920	17.23867	0.1027295
2.75	-0.8847467	17.24878	0.1029178
2.83	-0.8915318	17.25944	0.1031177
2.92	-0.8978483	17.27042	0.1033292
3	    -0.9036961	17.28148	0.1035572
3.08	-0.9090766	17.29240	0.1037945
3.17	-0.9139932	17.30299	0.1040438
3.25	-0.9184499	17.31310	0.1043046
3.33	-0.9224548	17.32256	0.1045764
3.42	-0.9260166	17.33124	0.1048598
3.5	    -0.9291443	17.33905	0.1051534
3.58	-0.9318473	17.34597	0.1054580
3.67	-0.9341362	17.35204	0.1057731
3.75	-0.9360241	17.35733	0.1060969
3.83	-0.9375255	17.36195	0.1064317
3.92	-0.9386542	17.36597	0.1067764
4	    -0.9394243	17.36950	0.1071301
4.08	-0.9398491	17.37263	0.1074933
4.17	-0.9399420	17.37545	0.1078645
4.25	-0.9397163	17.37805	0.1082480
4.33	-0.9391848	17.38056	0.1086392
4.42	-0.9383587	17.38308	0.1090395
4.5	    -0.9372475	17.38575	0.1094486
4.58	-0.9358612	17.38873	0.1098668
4.67	-0.9342114	17.39219	0.1102936
4.75	-0.9323091	17.39625	0.1107292
4.83	-0.9301645	17.40102	0.1111734
4.92	-0.9277866	17.40658	0.1116257
5	    -0.9251837	17.41300	0.1120871
5.08	-0.9223630	17.42033	0.1125565
5.17	-0.9193317	17.42865	0.1130339
5.25	-0.9160964	17.43802	0.1135187
5.33	-0.9126631	17.44852	0.1140121
5.42	-0.9090376	17.46023	0.1145119
5.5	    -0.9052257	17.47319	0.1150198
5.58	-0.9012331	17.48748	0.1155341
5.67	-0.8970659	17.50313	0.1160544
5.75	-0.8927298	17.52017	0.1165816
5.83	-0.8882301	17.53861	0.1171143
5.92	-0.8835726	17.55844	0.1176528
6	    -0.8787645	17.57965	0.1181966
6.08	-0.8738128	17.60225	0.1187460
6.17	-0.8687242	17.62623	0.1193004
6.25	-0.8635047	17.65159	0.1198597
6.33	-0.8581602	17.67834	0.1204232
6.42	-0.8526962	17.70650	0.1209918
6.5	    -0.8471178	17.73607	0.1215638
6.58	-0.8414291	17.76704	0.1221401
6.67	-0.8356344	17.79940	0.1227198
6.75	-0.8297384	17.83314	0.1233030
6.83	-0.8237460	17.86824	0.1238895
6.92	-0.8176611	17.90470	0.1244790
7	    -0.8114877	17.94248	0.1250714
7.08	-0.8052292	17.98156	0.1256666
7.17	-0.7988893	18.02189	0.1262645
7.25	-0.7924712	18.06345	0.1268648
7.33	-0.7859783	18.10618	0.1274672
7.42	-0.7794141	18.15004	0.1280721
7.5	    -0.7727819	18.19500	0.1286789
7.58	-0.7660854	18.24101	0.1292875
7.67	-0.7593286	18.28805	0.1298980
7.75	-0.7525152	18.33608	0.1305103
7.83	-0.7456487	18.38507	0.1311241
7.92	-0.7387326	18.43500	0.1317394
8	    -0.7317700	18.48584	0.1323559
8.08	-0.7247640	18.53756	0.1329738
8.17	-0.7177177	18.59011	0.1335929
8.25	-0.7106341	18.64348	0.1342129
8.33	-0.7035161	18.69763	0.1348336
8.42	-0.6963668	18.75253	0.1354550
8.5	    -0.6891895	18.80814	0.1360777
8.58	-0.6819872	18.86444	0.1367007
8.67	-0.6747627	18.92142	0.1373242
8.75	-0.6675189	18.97903	0.1379478
8.83	-0.6602584	19.03727	0.1385718
8.92	-0.6529839	19.09609	0.1391961
9	    -0.6456978	19.15548	0.1398205
9.08	-0.6384024	19.21541	0.1404449
9.17	-0.6311000	19.27586	0.1410692
9.25	-0.6237932	19.33679	0.1416933
9.33	-0.6164843	19.39818	0.1423173
9.42	-0.6091757	19.46002	0.1429410
9.5	    -0.6018696	19.52227	0.1435645
9.58	-0.5945686	19.58493	0.1441877
9.67	-0.5872748	19.64797	0.1448105
9.75	-0.5799908	19.71138	0.1454330
9.83	-0.5727187	19.77515	0.1460551
9.92	-0.5654609	19.83926	0.1466767
10	    -0.5582194	19.90371	0.1472977
10.08	-0.5509964	19.96847	0.1479183
10.17	-0.5437939	20.03354	0.1485382
10.25	-0.5366136	20.09892	0.1491575
10.33	-0.5294573	20.16457	0.1497762
10.42	-0.5223266	20.23050	0.1503941
10.5	-0.5152230	20.29669	0.1510113
10.58	-0.5081476	20.36312	0.1516277
10.67	-0.5011017	20.42979	0.1522434
10.75	-0.4940864	20.49668	0.1528582
10.83	-0.4871028	20.56376	0.1534722
10.92	-0.4801521	20.63104	0.1540854
11	    -0.4732355	20.69849	0.1546977
11.08	-0.4663539	20.76610	0.1553092
11.17	-0.4595079	20.83385	0.1559197
11.25	-0.4526984	20.90174	0.1565294
11.33	-0.4459257	20.96974	0.1571382
11.42	-0.4391906	21.03783	0.1577461
11.5	-0.4324934	21.10602	0.1583531
11.58	-0.4258347	21.17427	0.1589592
11.67	-0.4192150	21.24258	0.1595644
11.75	-0.4126345	21.31094	0.1601686
11.83	-0.4060933	21.37932	0.1607719
11.92	-0.3995917	21.44771	0.1613743
12	    -0.3931296	21.51611	0.1619757
12.08	-0.3867073	21.58451	0.1625762
12.17	-0.3803249	21.65288	0.1631758
12.25	-0.3739825	21.72122	0.1637742
12.33	-0.3676801	21.78953	0.1643718
12.42	-0.3614179	21.85779	0.1649683
12.5	-0.3551960	21.92600	0.1655639
12.58	-0.3490144	21.99415	0.1661587
12.67	-0.3428732	22.06223	0.1667521
12.75	-0.3367724	22.13022	0.1673447
12.83	-0.3307121	22.19814	0.1679365
12.92	-0.3246923	22.26596	0.1685269
13	    -0.3187128	22.33368	0.1691163
13.08	-0.3127737	22.40129	0.1697049
13.17	-0.3068748	22.46878	0.1702923
13.25	-0.3010159	22.53615	0.1708786
13.33	-0.2951964	22.60339	0.1714638
13.42	-0.2894158	22.67048	0.1720481
13.5	-0.2836735	22.73743	0.1726314
13.58	-0.2779688	22.80423	0.1732134
13.67	-0.2723012	22.87086	0.1737946
13.75	-0.2666700	22.93732	0.1743749
13.83	-0.2610745	23.00361	0.1749536
13.92	-0.2555144	23.06972	0.1755316
14	    -0.2499890	23.13565	0.1761087
14.08	-0.2444979	23.20139	0.1766846
14.17	-0.2390405	23.26693	0.1772595
14.25	-0.2336163	23.33227	0.1778335
14.33	-0.2282248	23.39742	0.1784063
14.42	-0.2228654	23.46235	0.1789783
14.5	-0.2175375	23.52707	0.1795492
14.58	-0.2122408	23.59159	0.1801196
14.67	-0.2069747	23.65588	0.1806882
14.75	-0.2017386	23.71995	0.1812562
14.83	-0.1965322	23.78380	0.1818233
14.92	-0.1913549	23.84742	0.1823894
15	    -0.1862061	23.91082	0.1829552
15.08	-0.1810855	23.97399	0.1835190
15.17	-0.1759924	24.03692	0.1840824
15.25	-0.1709263	24.09963	0.1846449
15.33	-0.1658869	24.16210	0.1852065
15.42	-0.1608735	24.22434	0.1857681
15.5	-0.1558858	24.28634	0.1863287
15.58	-0.1509234	24.34811	0.1868866
15.67	-0.1459858	24.40965	0.1874449
15.75	-0.1410726	24.47095	0.1880025
15.83	-0.1361834	24.53201	0.1885595
15.92	-0.1313178	24.59283	0.1891155
16	    -0.1264753	24.65342	0.1896708
16.08	-0.1216556	24.71378	0.1902256
16.17	-0.1168582	24.77390	0.1907796
16.25	-0.1120827	24.83379	0.1913329
16.33	-0.1073288	24.89344	0.1918850
16.42	-0.1025961	24.95287	0.1924368
16.5	-0.0978842	25.01206	0.1929885
16.58	-0.0931929	25.07103	0.1935385
16.67	-0.0885218	25.12977	0.1940878
16.75	-0.0838706	25.18828	0.1946369
16.83	-0.0792389	25.24657	0.1951853
16.92	-0.0746266	25.30463	0.1957331
17	    -0.0700332	25.36247	0.1962801
17.08	-0.0654587	25.42010	0.1968268
17.17	-0.0609027	25.47750	0.1973724
17.25	-0.0563650	25.53469	0.1979177
17.33	-0.0518455	25.59166	0.1984623
17.42	-0.0473439	25.64842	0.1990065
17.5	-0.0428601	25.70496	0.1995501
17.58	-0.0383939	25.76130	0.2000928
17.67	-0.0339452	25.81742	0.2006351
17.75	-0.0295137	25.87334	0.2011777
17.83	-0.0250993	25.92906	0.2017185
17.92	-0.0207018	25.98456	0.2022588
18	-0.0163210	26.03987	0.2027988
18.08	-0.0119567	26.09497	0.2033392
18.17	-0.0076089	26.14987	0.2038784
18.25	-0.0032772	26.20457	0.2044159
18.33	0.0010385	26.25908	0.2049540
18.42	0.0053383	26.31339	0.2054919
18.5	0.0096225	26.36751	0.2060283
18.58	0.0138911	26.42144	0.2065648
18.67	0.0181444	26.47517	0.2071026
18.75	0.0223825	26.52872	0.2076393
18.83	0.0266056	26.58207	0.2081742
18.92	0.0308137	26.63524	0.2087072
19			
19.08			
19.17			
19.25			
19.33			
19.42			
19.5			
19.58			
19.67			
19.75			
19.83			
19.92			
20			