name = trisomy21
year = 1985
yname = height
sex = male
distribution = LMS
citation = Down's syndrome centiles - Styles ME, Cole TJ, Dennis J, Preece MA. New cross sectional stature, weight and head circumference references for Down’s syndrome in the UK and Republic of Ireland. Arch Dis Child
publication = Down
[data]
X       L   M       S
0	    1	49.50	0.0504
0.08	1	52.14	0.0499
0.17	1	54.74	0.0494
0.25	1	57.24	0.0489
0.33	1	59.59	0.0484
0.42	1	61.74	0.0480
0.5	    1	63.67	0.0476
0.58	1	65.39	0.0472
0.67	1	66.90	0.0468
0.75	1	68.24	0.0465
0.83	1	69.45	0.0462
0.92	1	70.55	0.0460
1	    1	71.56	0.0457
1.08	1	72.51	0.0455
1.17	1	73.39	0.0454
1.25	1	74.24	0.0452
1.33	1	75.04	0.0451
1.42	1	75.81	0.0450
1.5	    1	76.55	0.0449
1.58	1	77.26	0.0448
1.67	1	77.94	0.0447
1.75	1	78.60	0.0447
1.83	1	79.23	0.0446
1.92	1	79.85	0.0446
2	    1	80.45	0.0446
2.08	1	81.04	0.0446
2.17	1	81.61	0.0446
2.25	1	82.17	0.0446
2.33	1	82.71	0.0446
2.42	1	83.25	0.0446
2.5	    1	83.79	0.0446
2.58	1	84.31	0.0446
2.67	1	84.83	0.0446
2.75	1	85.34	0.0446
2.83	1	85.84	0.0446
2.92	1	86.34	0.0447
3	    1	86.84	0.0447
3.08	1	87.33	0.0447
3.17	1	87.81	0.0448
3.25	1	88.30	0.0448
3.33	1	88.78	0.0448
3.42	1	89.26	0.0449
3.5	    1	89.74	0.0449
3.58	1	90.22	0.0450
3.67	1	90.70	0.0450
3.75	1	91.19	0.0451
3.83	1	91.67	0.0451
3.92	1	92.15	0.0452
4	    1	92.64	0.0452
4.08	1	93.13	0.0453
4.17	1	93.62	0.0454
4.25	1	94.12	0.0454
4.33	1	94.61	0.0455
4.42	1	95.11	0.0456
4.5	    1	95.61	0.0456
4.58	1	96.11	0.0457
4.67	1	96.61	0.0458
4.75	1	97.12	0.0458
4.83	1	97.63	0.0459
4.92	1	98.14	0.0460
5	    1	98.66	0.0461
5.08	1	99.17	0.0462
5.17	1	99.69	0.0462
5.25	1	100.21	0.0463
5.33	1	100.73	0.0464
5.42	1	101.25	0.0465
5.5	    1	101.76	0.0466
5.58	1	102.28	0.0466
5.67	1	102.79	0.0467
5.75	1	103.30	0.0468
5.83	1	103.81	0.0469
5.92	1	104.32	0.0470
6	    1	104.82	0.0471
6.08	1	105.33	0.0471
6.17	1	105.83	0.0472
6.25	1	106.33	0.0473
6.33	1	106.82	0.0474
6.42	1	107.31	0.0475
6.5	    1	107.80	0.0475
6.58	1	108.29	0.0476
6.67	1	108.78	0.0477
6.75	1	109.26	0.0478
6.83	1	109.73	0.0478
6.92	1	110.21	0.0479
7	    1	110.68	0.0480
7.08	1	111.14	0.0480
7.17	1	111.60	0.0481
7.25	1	112.06	0.0482
7.33	1	112.51	0.0482
7.42	1	112.95	0.0483
7.5	    1	113.40	0.0483
7.58	1	113.83	0.0484
7.67	1	114.27	0.0484
7.75	1	114.70	0.0485
7.83	1	115.13	0.0485
7.92	1	115.55	0.0486
8	    1	115.97	0.0486
8.08	1	116.39	0.0487
8.17	1	116.81	0.0487
8.25	1	117.23	0.0488
8.33	1	117.64	0.0488
8.42	1	118.05	0.0489
8.5	    1	118.46	0.0489
8.58	1	118.88	0.0489
8.67	1	119.29	0.0490
8.75	1	119.70	0.0490
8.83	1	120.11	0.0490
8.92	1	120.52	0.0491
9	    1	120.94	0.0491
9.08	1	121.36	0.0491
9.17	1	121.78	0.0492
9.25	1	122.20	0.0492
9.33	1	122.63	0.0492
9.42	1	123.05	0.0492
9.5	    1	123.48	0.0493
9.58	1	123.91	0.0493
9.67	1	124.34	0.0493
9.75	1	124.78	0.0493
9.83	1	125.21	0.0493
9.92	1	125.65	0.0493
10	    1	126.09	0.0493
10.08	1	126.53	0.0493
10.17	1	126.98	0.0493
10.25	1	127.43	0.0493
10.33	1	127.89	0.0493
10.42	1	128.35	0.0493
10.5	1	128.81	0.0493
10.58	1	129.28	0.0493
10.67	1	129.75	0.0493
10.75	1	130.22	0.0493
10.83	1	130.70	0.0493
10.92	1	131.18	0.0492
11	    1	131.66	0.0492
11.08	1	132.15	0.0492
11.17	1	132.64	0.0491
11.25	1	133.14	0.0491
11.33	1	133.64	0.0491
11.42	1	134.14	0.0490
11.5	1	134.65	0.0490
11.58	1	135.15	0.0489
11.67	1	135.66	0.0489
11.75	1	136.18	0.0488
11.83	1	136.69	0.0487
11.92	1	137.20	0.0487
12	    1	137.72	0.0486
12.08	1	138.24	0.0485
12.17	1	138.75	0.0484
12.25	1	139.27	0.0484
12.33	1	139.78	0.0483
12.42	1	140.29	0.0482
12.5	1	140.80	0.0481
12.58	1	141.31	0.0480
12.67	1	141.81	0.0479
12.75	1	142.30	0.0478
12.83	1	142.79	0.0477
12.92	1	143.27	0.0476
13	    1	143.75	0.0475
13.08	1	144.21	0.0474
13.17	1	144.67	0.0473
13.25	1	145.12	0.0472
13.33	1	145.57	0.0471
13.42	1	146.00	0.0469
13.5	1	146.42	0.0468
13.58	1	146.84	0.0467
13.67	1	147.24	0.0466
13.75	1	147.64	0.0465
13.83	1	148.02	0.0464
13.92	1	148.40	0.0463
14	    1	148.76	0.0462
14.08	1	149.12	0.0461
14.17	1	149.46	0.0460
14.25	1	149.79	0.0459
14.33	1	150.11	0.0458
14.42	1	150.42	0.0457
14.5	1	150.72	0.0456
14.58	1	151.01	0.0455
14.67	1	151.29	0.0455
14.75	1	151.56	0.0454
14.83	1	151.82	0.0453
14.92	1	152.07	0.0452
15	    1	152.32	0.0451
15.08	1	152.55	0.0451
15.17	1	152.78	0.0450
15.25	1	153.00	0.0449
15.33	1	153.21	0.0449
15.42	1	153.41	0.0448
15.5	1	153.61	0.0447
15.58	1	153.80	0.0447
15.67	1	153.99	0.0446
15.75	1	154.17	0.0446
15.83	1	154.34	0.0445
15.92	1	154.51	0.0445
16	    1	154.67	0.0444
16.08	1	154.83	0.0444
16.17	1	154.98	0.0443
16.25	1	155.13	0.0443
16.33	1	155.27	0.0442
16.42	1	155.41	0.0442
16.5	1	155.54	0.0441
16.58	1	155.67	0.0441
16.67	1	155.80	0.0440
16.75	1	155.92	0.0440
16.83	1	156.04	0.0440
16.92	1	156.16	0.0439
17	    1	156.27	0.0439
17.08	1	156.38	0.0439
17.17	1	156.49	0.0438
17.25	1	156.59	0.0438
17.33	1	156.69	0.0438
17.42	1	156.79	0.0437
17.5	1	156.89	0.0437
17.58	1	156.98	0.0437
17.67	1	157.07	0.0436
17.75	1	157.16	0.0436
17.83	1	157.25	0.0436
17.92	1	157.33	0.0435
18	    1	157.41	0.0435
18.08	1	157.49	0.0435
18.17	1	157.57	0.0435
18.25	1	157.64	0.0434
18.33	1	157.71	0.0434
18.42	1	157.78	0.0434
18.5	1	157.85	0.0434
18.58	1	157.92	0.0434
18.67	1	157.98	0.0433
18.75	1	158.05	0.0433
18.83	1	158.11	0.0433
18.92	1	158.17	0.0433
19	    1	158.22	0.0433
19.08	1	158.28	0.0432
19.17	1	158.33	0.0432
19.25	1	158.38	0.0432
19.33	1	158.42	0.0432
19.42	1	158.47	0.0432
19.5	1	158.51	0.0432
19.58	1	158.56	0.0431
19.67	1	158.60	0.0431
19.75	1	158.64	0.0431
19.83	1	158.68	0.0431
19.92	1	158.72	0.0431
20	    1	158.75	0.0431