name = trisomy21
year = 1985
yname = bmi
sex = female
distribution = LMS
citation = Down's syndrome centiles - Styles ME, Cole TJ, Dennis J, Preece MA. New cross sectional stature, weight and head circumference references for Down’s syndrome in the UK and Republic of Ireland. Arch Dis Child
publication = Down
[data]
X       L   M       S
0	    0.7975301	12.18163	0.1195348
0.08	0.7580755	13.4406	0.1114926
0.17	0.7335379	14.3038	0.1068001
0.25	0.7154457	14.9775	0.1037158
0.33	0.7004895	15.5155	0.1015230
0.42	0.6876248	15.9423	0.0998723
0.5	    0.6763796	16.2774	0.0985880
0.58	0.6662808	16.5361	0.0975700
0.67	0.6568038	16.7324	0.0967539
0.75	0.6475536	16.8791	0.0960959
0.83	0.6382132	16.9882	0.0955683
0.92	0.6285190	17.0694	0.0951506
1	    0.6182923	17.1296	0.0948244
1.08	0.6074216	17.1739	0.0945748
1.17	0.5958693	17.2059	0.0943864
1.25	0.5836943	17.2284	0.0942544
1.33	0.5709361	17.2437	0.0941697
1.42	0.5576129	17.2537	0.0941342
1.5	    0.5437510	17.2595	0.0941397
1.58	0.5293930	17.2622	0.0941846
1.67	0.5145921	17.2622	0.0942663
1.75	0.4993990	17.2600	0.0943826
1.83	0.4838544	17.2560	0.0945339
1.92	0.4679904	17.2505	0.0947134
2	    0.4518357	17.2439	0.0949221
2.08	0.4354165	17.2361	0.0951559
2.17	0.4187565	17.2271	0.0954131
2.25	0.4018769	17.2170	0.0956899
2.33	0.3847953	17.2057	0.0959865
2.42	0.3675266	17.1935	0.0963031
2.5	    0.3500840	17.1806	0.0966335
2.58	0.3324797	17.1675	0.0969755
2.67	0.3147236	17.1542	0.0973320
2.75	0.2968240	17.1412	0.0976967
2.83	0.2787896	17.1284	0.0980714
2.92	0.2606286	17.1161	0.0984535
3	    0.2423511	17.1044	0.0988418
3.08	0.2239744	17.0934	0.0992357
3.17	0.2055171	17.0830	0.0996345
3.25	0.1869970	17.0734	0.1000371
3.33	0.1684294	17.0644	0.1004450
3.42	0.1498280	17.0560	0.1008569
3.5	    0.1312066	17.0482	0.1012730
3.58	0.1125780	17.0410	0.1016937
3.67	0.0939536	17.0345	0.1021189
3.75	0.0753428	17.0285	0.1025485
3.83	0.0567556	17.0232	0.1029832
3.92	0.0382040	17.0185	0.1034228
4	    0.0196991	17.0145	0.1038675
4.08	0.0012517	17.0111	0.1043176
4.17	-0.0171280	17.0084	0.1047723
4.25	-0.0354303	17.0063	0.1052328
4.33	-0.0536464	17.0049	0.1056982
4.42	-0.0717687	17.0041	0.1061686
4.5	    -0.0897898	17.0040	0.1066438
4.58	-0.1077041	17.0046	0.1071238
4.67	-0.1255067	17.0060	0.1076085
4.75	-0.1431930	17.0081	0.1080977
4.83	-0.1607589	17.0111	0.1085914
4.92	-0.1782008	17.0149	0.1090893
5	    -0.1955155	17.0195	0.1095912
5.08	-0.2127001	17.0251	0.1100974
5.17	-0.2297519	17.0316	0.1106068
5.25	-0.2466678	17.0390	0.1111201
5.33	-0.2634444	17.0473	0.1116362
5.42	-0.2800786	17.0566	0.1121557
5.5	    -0.2965674	17.0669	0.1126774
5.58	-0.3129083	17.0780	0.1132035
5.67	-0.3291000	17.0900	0.1137315
5.75	-0.3451413	17.1029	0.1142622
5.83	-0.3610311	17.1167	0.1147954
5.92	-0.3767681	17.1314	0.1153319
6	    -0.3923514	17.1471	0.1158704
6.08	-0.4077801	17.1636	0.1164113
6.17	-0.4230534	17.1811	0.1169544
6.25	-0.4381714	17.1995	0.1174995
6.33	-0.4531345	17.2188	0.1180467
6.42	-0.4679437	17.2390	0.1185957
6.5	    -0.4825995	17.2602	0.1191464
6.58	-0.4971026	17.2822	0.1196983
6.67	-0.5114538	17.3050	0.1202520
6.75	-0.5256538	17.3287	0.1208067
6.83	-0.5397037	17.3531	0.1213627
6.92	-0.5536048	17.3784	0.1219195
7	    -0.5673580	17.4044	0.1224771
7.08	-0.5809644	17.4311	0.1230351
7.17	-0.5944252	17.4585	0.1235938
7.25	-0.6077414	17.4866	0.1241526
7.33	-0.6209142	17.5153	0.1247114
7.42	-0.6339446	17.5447	0.1252700
7.5	    -0.6468338	17.5747	0.1258283
7.58	-0.6595833	17.6054	0.1263860
7.67	-0.6721943	17.6366	0.1269429
7.75	-0.6846683	17.6684	0.1274992
7.83	-0.6970069	17.7008	0.1280544
7.92	-0.7092117	17.7337	0.1286085
8	    -0.7212843	17.7671	0.1291613
8.08	-0.7332264	17.8010	0.1297126
8.17	-0.7450395	17.8354	0.1302625
8.25	-0.7567253	17.8703	0.1308106
8.33	-0.7682855	17.9057	0.1313568
8.42	-0.7797222	17.9415	0.1319011
8.5	    -0.7910372	17.9777	0.1324433
8.58	-0.8022324	18.0144	0.1329833
8.67	-0.8133098	18.0515	0.1335209
8.75	-0.8242714	18.0889	0.1340562
8.83	-0.8351192	18.1268	0.1345890
8.92	-0.8458554	18.1650	0.1351193
9	    -0.8564819	18.2036	0.1356467
9.08	-0.8670007	18.2426	0.1361716
9.17	-0.8774138	18.2819	0.1366939
9.25	-0.8877229	18.3215	0.1372131
9.33	-0.8979294	18.3615	0.1377295
9.42	-0.9080347	18.4018	0.1382432
9.5	    -0.9180404	18.4424	0.1387538
9.58	-0.9279479	18.4833	0.1392616
9.67	-0.9377587	18.5244	0.1397664
9.75	-0.9474747	18.5658	0.1402682
9.83	-0.9570971	18.6075	0.1407681
9.92	-0.9666279	18.6494	0.1412629
10	    -0.9760686	18.6916	0.1417557
10.08	-0.9854209	18.7340	0.1422454
10.17	-0.9946866	18.7767	0.1427322
10.25	-1.0038670	18.8196	0.1432159
10.33	-1.0129650	18.8627	0.1436965
10.42	-1.0219800	18.9061	0.1441742
10.5	-1.0309160	18.9498	0.1446490
10.58	-1.0397730	18.9936	0.1451207
10.67	-1.0485530	19.0377	0.1455899
10.75	-1.0572580	19.0819	0.1460552
10.83	-1.0658890	19.1264	0.1465182
10.92	-1.0744470	19.1711	0.1469781
11	    -1.0829340	19.2159	0.1474352
11.08	-1.0913510	19.2610	0.1478893
11.17	-1.0997000	19.3062	0.1483408
11.25	-1.1079810	19.3516	0.1487894
11.33	-1.1161950	19.3971	0.1492353
11.42	-1.1243450	19.4428	0.1496784
11.5	-1.1324300	19.4886	0.1501188
11.58	-1.1404530	19.5346	0.1505565
11.67	-1.1484130	19.5807	0.1509918
11.75	-1.1563120	19.6269	0.1514243
11.83	-1.1641520	19.6732	0.1518542
11.92	-1.1719330	19.7196	0.1522817
12	    -1.1796560	19.7661	0.1527067
12.08	-1.1873220	19.8128	0.1531295
12.17	-1.1949330	19.8595	0.1535494
12.25	-1.2024900	19.9062	0.1539673
12.33	-1.2099940	19.9531	0.1543829
12.42	-1.2174460	20.0000	0.1547962
12.5	-1.2248480	20.0470	0.1552073
12.58	-1.2322010	20.0940	0.1556162
12.67	-1.2395040	20.1411	0.1560231
12.75	-1.2467600	20.1882	0.1564283
12.83	-1.2539680	20.2353	0.1568306
12.92	-1.2611310	20.2824	0.1572314
13	    -1.2682490	20.3295	0.1576303
13.08	-1.2753220	20.3767	0.1580272
13.17	-1.2823510	20.4238	0.1584224
13.25	-1.2893380	20.4709	0.1588158
13.33	-1.2962820	20.5180	0.1592073
13.42	-1.3031840	20.5651	0.1595974
13.5	-1.3100450	20.6121	0.1599857
13.58	-1.3168660	20.6590	0.1603719
13.67	-1.3236470	20.7060	0.1607570
13.75	-1.3303890	20.7528	0.1611403
13.83	-1.3370920	20.7996	0.1615224
13.92	-1.3437570	20.8463	0.1619024
14	    -1.3503850	20.8930	0.1622812
14.08	-1.3569750	20.9395	0.1626586
14.17	-1.3635290	20.9859	0.1630346
14.25	-1.3700470	21.0323	0.1634091
14.33	-1.3765290	21.0785	0.1637823
14.42	-1.3829760	21.1247	0.1641542
14.5	-1.3893890	21.1707	0.1645248
14.58	-1.3957670	21.2166	0.1648940
14.67	-1.4021120	21.2624	0.1652619
14.75	-1.4084240	21.3080	0.1656287
14.83	-1.4147030	21.3536	0.1659941
14.92	-1.4209490	21.3990	0.1663585
15	    -1.4271640	21.4442	0.1667220
15.08	-1.4333470	21.4894	0.1670836
15.17	-1.4394990	21.5344	0.1674444
15.25	-1.4456200	21.5792	0.1678042
15.33	-1.4517120	21.6240	0.1681630
15.42	-1.4577730	21.6685	0.1685205
15.5	-1.4638060	21.7130	0.1688773
15.58	-1.4698100	21.7573	0.1692328
15.67	-1.4757850	21.8014	0.1695873
15.75	-1.4817320	21.8454	0.1699412
15.83	-1.4876520	21.8892	0.1702935
15.92	-1.4935450	21.9329	0.1706453
16	    -1.4994110	21.9765	0.1709960
16.08	-1.5052510	22.0199	0.1713459
16.17	-1.5110650	22.0631	0.1716950
16.25	-1.5168540	22.1062	0.1720431
16.33	-1.5226180	22.1491	0.1723905
16.42	-1.5283570	22.1919	0.1727369
16.5	-1.5340720	22.2345	0.1730826
16.58	-1.5397620	22.2769	0.1734276
16.67	-1.5454290	22.3193	0.1737717
16.75	-1.5510720	22.3614	0.1741151
16.83	-1.5566920	22.4034	0.1744578
16.92	-1.5622890	22.4453	0.1747996
17	    -1.5678640	22.4870	0.1751407
17.08	-1.5734160	22.5285	0.1754814
17.17	-1.5789460	22.5699	0.1758212
17.25	-1.5844540	22.6112	0.1761600
17.33	-1.5899400	22.6522	0.1764986
17.42	-1.5954060	22.6932	0.1768361
17.5	-1.6008500	22.7340	0.1771730
17.58	-1.6062730	22.7746	0.1775094
17.67	-1.6116750	22.8151	0.1778453
17.75	-1.6170570	22.8555	0.1781800
17.83	-1.6224190	22.8957	0.1785144
17.92	-1.6277600	22.9357	0.1788482
18	    -1.6330820	22.9756	0.1791814
18.08	-1.6383840	23.0154	0.1795139
18.17	-1.6436670	23.0550	0.1798460
18.25	-1.6489300	23.0945	0.1801772
18.33	-1.6541740	23.1338	0.1805083
18.42	-1.6594000	23.1730	0.1808389
18.5	-1.6646060	23.2121	0.1811683
18.58	-1.6697940	23.2510	0.1814965
18.67	-1.6749630	23.2898	0.1818250
18.75	-1.6801140	23.3284	0.1821530
18.83	-1.6852460	23.3669	0.1824804
18.92	-1.6903610	23.4053	0.1828066
19			
19.08			
19.17			
19.25			
19.33			
19.42			
19.5			
19.58			
19.67			
19.75			
19.83			
19.92			
20			