name = trisomy21
year = 1985
yname = height
sex = female
distribution = LMS
citation = Down's syndrome centiles - Styles ME, Cole TJ, Dennis J, Preece MA. New cross sectional stature, weight and head circumference references for Down’s syndrome in the UK and Republic of Ireland. Arch Dis Child
publication = Down
[data]
X       L   M       S
0	    1	49.45	0.0472
0.08	1	51.73	0.0469
0.17	1	53.97	0.0466
0.25	1	56.14	0.0463
0.33	1	58.22	0.0460
0.42	1	60.17	0.0458
0.5	    1	61.98	0.0455
0.58	1	63.62	0.0453
0.67	1	65.13	0.0451
0.75	1	66.49	0.0450
0.83	1	67.73	0.0448
0.92	1	68.86	0.0447
1	    1	69.89	0.0445
1.08	1	70.85	0.0444
1.17	1	71.75	0.0444
1.25	1	72.60	0.0443
1.33	1	73.40	0.0442
1.42	1	74.16	0.0442
1.5	    1	74.88	0.0441
1.58	1	75.58	0.0441
1.67	1	76.24	0.0441
1.75	1	76.88	0.0441
1.83	1	77.51	0.0441
1.92	1	78.12	0.0441
2	    1	78.71	0.0441
2.08	1	79.30	0.0442
2.17	1	79.87	0.0442
2.25	1	80.44	0.0442
2.33	1	81.00	0.0443
2.42	1	81.55	0.0443
2.5	    1	82.10	0.0444
2.58	1	82.64	0.0444
2.67	1	83.18	0.0445
2.75	1	83.71	0.0446
2.83	1	84.24	0.0446
2.92	1	84.77	0.0447
3	    1	85.29	0.0448
3.08	1	85.80	0.0448
3.17	1	86.32	0.0449
3.25	1	86.83	0.0450
3.33	1	87.35	0.0450
3.42	1	87.86	0.0451
3.5	    1	88.37	0.0452
3.58	1	88.89	0.0453
3.67	1	89.40	0.0453
3.75	1	89.92	0.0454
3.83	1	90.44	0.0455
3.92	1	90.95	0.0455
4	    1	91.47	0.0456
4.08	1	91.99	0.0457
4.17	1	92.51	0.0458
4.25	1	93.02	0.0458
4.33	1	93.54	0.0459
4.42	1	94.06	0.0460
4.5	    1	94.58	0.0460
4.58	1	95.10	0.0461
4.67	1	95.62	0.0462
4.75	1	96.14	0.0462
4.83	1	96.66	0.0463
4.92	1	97.18	0.0464
5	    1	97.70	0.0464
5.08	1	98.22	0.0465
5.17	1	98.73	0.0466
5.25	1	99.24	0.0466
5.33	1	99.76	0.0467
5.42	1	100.27	0.0467
5.5	    1	100.77	0.0468
5.58	1	101.28	0.0468
5.67	1	101.78	0.0469
5.75	1	102.28	0.0469
5.83	1	102.78	0.0470
5.92	1	103.28	0.0470
6	    1	103.78	0.0471
6.08	1	104.27	0.0471
6.17	1	104.76	0.0472
6.25	1	105.25	0.0472
6.33	1	105.74	0.0472
6.42	1	106.22	0.0473
6.5	    1	106.71	0.0473
6.58	1	107.20	0.0474
6.67	1	107.68	0.0474
6.75	1	108.16	0.0474
6.83	1	108.65	0.0475
6.92	1	109.13	0.0475
7	    1	109.61	0.0475
7.08	1	110.10	0.0476
7.17	1	110.58	0.0476
7.25	1	111.06	0.0476
7.33	1	111.54	0.0477
7.42	1	112.02	0.0477
7.5	    1	112.50	0.0477
7.58	1	112.98	0.0477
7.67	1	113.45	0.0478
7.75	1	113.93	0.0478
7.83	1	114.40	0.0478
7.92	1	114.87	0.0478
8	    1	115.34	0.0478
8.08	1	115.81	0.0479
8.17	1	116.28	0.0479
8.25	1	116.75	0.0479
8.33	1	117.22	0.0479
8.42	1	117.69	0.0479
8.5	    1	118.16	0.0479
8.58	1	118.63	0.0479
8.67	1	119.09	0.0479
8.75	1	119.56	0.0479
8.83	1	120.03	0.0479
8.92	1	120.49	0.0479
9	    1	120.96	0.0479
9.08	1	121.42	0.0479
9.17	1	121.89	0.0479
9.25	1	122.35	0.0479
9.33	1	122.81	0.0479
9.42	1	123.27	0.0478
9.5	    1	123.73	0.0478
9.58	1	124.19	0.0478
9.67	1	124.65	0.0478
9.75	1	125.10	0.0477
9.83	1	125.56	0.0477
9.92	1	126.02	0.0477
10	    1	126.47	0.0476
10.08	1	126.93	0.0476
10.17	1	127.38	0.0475
10.25	1	127.83	0.0475
10.33	1	128.28	0.0474
10.42	1	128.73	0.0474
10.5	1	129.18	0.0473
10.58	1	129.62	0.0472
10.67	1	130.07	0.0472
10.75	1	130.51	0.0471
10.83	1	130.94	0.0470
10.92	1	131.38	0.0469
11	    1	131.81	0.0469
11.08	1	132.23	0.0468
11.17	1	132.65	0.0467
11.25	1	133.06	0.0466
11.33	1	133.47	0.0465
11.42	1	133.87	0.0464
11.5	1	134.26	0.0463
11.58	1	134.65	0.0462
11.67	1	135.03	0.0462
11.75	1	135.40	0.0461
11.83	1	135.76	0.0460
11.92	1	136.11	0.0459
12	    1	136.45	0.0458
12.08	1	136.78	0.0457
12.17	1	137.11	0.0456
12.25	1	137.43	0.0455
12.33	1	137.74	0.0454
12.42	1	138.03	0.0453
12.5	1	138.33	0.0452
12.58	1	138.61	0.0452
12.67	1	138.89	0.0451
12.75	1	139.15	0.0450
12.83	1	139.42	0.0449
12.92	1	139.67	0.0448
13	    1	139.92	0.0447
13.08	1	140.16	0.0447
13.17	1	140.39	0.0446
13.25	1	140.62	0.0445
13.33	1	140.84	0.0444
13.42	1	141.05	0.0444
13.5	1	141.26	0.0443
13.58	1	141.46	0.0442
13.67	1	141.65	0.0442
13.75	1	141.84	0.0441
13.83	1	142.02	0.0441
13.92	1	142.20	0.0440
14	    1	142.37	0.0439
14.08	1	142.54	0.0439
14.17	1	142.70	0.0438
14.25	1	142.85	0.0438
14.33	1	143.00	0.0437
14.42	1	143.14	0.0437
14.5	1	143.28	0.0436
14.58	1	143.41	0.0436
14.67	1	143.54	0.0435
14.75	1	143.66	0.0435
14.83	1	143.78	0.0435
14.92	1	143.89	0.0434
15	    1	144.00	0.0434
15.08	1	144.10	0.0433
15.17	1	144.20	0.0433
15.25	1	144.30	0.0433
15.33	1	144.39	0.0432
15.42	1	144.48	0.0432
15.5	1	144.56	0.0432
15.58	1	144.64	0.0432
15.67	1	144.72	0.0431
15.75	1	144.79	0.0431
15.83	1	144.86	0.0431
15.92	1	144.93	0.0431
16	    1	144.99	0.0430
16.08	1	145.05	0.0430
16.17	1	145.11	0.0430
16.25	1	145.17	0.0430
16.33	1	145.23	0.0430
16.42	1	145.28	0.0429
16.5	1	145.33	0.0429
16.58	1	145.38	0.0429
16.67	1	145.43	0.0429
16.75	1	145.47	0.0429
16.83	1	145.52	0.0429
16.92	1	145.56	0.0428
17	    1	145.60	0.0428
17.08	1	145.65	0.0428
17.17	1	145.69	0.0428
17.25	1	145.73	0.0428
17.33	1	145.77	0.0428
17.42	1	145.81	0.0428
17.5	1	145.84	0.0427
17.58	1	145.88	0.0427
17.67	1	145.92	0.0427
17.75	1	145.96	0.0427
17.83	1	146.00	0.0427
17.92	1	146.04	0.0427
18	    1	146.08	0.0427
18.08	1	146.12	0.0427
18.17	1	146.16	0.0426
18.25	1	146.20	0.0426
18.33	1	146.24	0.0426
18.42	1	146.28	0.0426
18.5	1	146.32	0.0426
18.58	1	146.36	0.0426
18.67	1	146.40	0.0426
18.75	1	146.44	0.0425
18.83	1	146.48	0.0425
18.92	1	146.52	0.0425
19	    1	146.56	0.0425
19.08	1	146.60	0.0425
19.17	1	146.65	0.0425
19.25	1	146.69	0.0425
19.33	1	146.72	0.0424
19.42	1	146.76	0.0424
19.5	1	146.80	0.0424
19.58	1	146.84	0.0424
19.67	1	146.88	0.0424
19.75	1	146.92	0.0424
19.83	1	146.96	0.0424
19.92	1	147.00	0.0423
20	    1	147.04	0.0423